
Per-node process memory usage (in MBs) for PID 154464 (llama-bench)
                           Node 0          Node 1          Node 2          Node 3           Total
                  --------------- --------------- --------------- --------------- ---------------
Huge                         0.00            0.00            0.00            0.00            0.00
Heap                        10.45           10.45           10.45           10.45           41.80
Stack                        0.01            0.01            0.01            0.00            0.03
Private                  13001.81        13002.02        13002.41        13004.64        52010.88
----------------  --------------- --------------- --------------- --------------- ---------------
Total                    13012.27        13012.48        13012.86        13015.09        52052.71

Per-node system memory usage (in MBs):
                          Node 0          Node 1          Node 2          Node 3           Total
                 --------------- --------------- --------------- --------------- ---------------
MemTotal               289860.87       290287.15       290244.45       290225.22      1160617.69
MemFree                273571.00       274572.78       274616.42       273942.98      1096703.17
MemUsed                 16289.88        15714.37        15628.03        16282.25        63914.52
SwapCached                  0.00            0.00            0.01            0.00            0.02
Active                  14260.04        14088.50        14363.43        14902.75        57614.72
Inactive                    4.64           32.26            7.98           14.09           58.97
Active(anon)             2602.94         2489.35         2596.54         3048.83        10737.66
Inactive(anon)              0.00            0.00            0.00            0.00            0.00
Active(file)            11657.10        11599.15        11766.89        11853.92        46877.06
Inactive(file)              4.64           32.26            7.98           14.09           58.97
Unevictable                 3.75            0.75            0.75            0.75            6.00
Mlocked                     0.00            0.00            0.00            0.00            0.00
Dirty                       0.03            0.09            0.12            0.03            0.27
Writeback                   0.00            0.00            0.00            0.00            0.00
FilePages               11666.47        11633.38        11779.53        11869.54        46948.92
Mapped                  11661.39        11605.80        11783.41        11861.75        46912.35
AnonPages                2602.60         2488.45         2592.68         3047.23        10730.96
Shmem                       4.71            1.70            4.65            1.45           12.50
KernelStack                11.65           10.00           11.06           13.29           46.00
PageTables                 29.68           29.75           31.72           33.16          124.32
SecPageTables               9.54            0.26           21.88            0.65           32.33
NFS_Unstable                0.00            0.00            0.00            0.00            0.00
Bounce                      0.00            0.00            0.00            0.00            0.00
WritebackTmp                0.00            0.00            0.00            0.00            0.00
KReclaimable               59.98           59.07           77.43           66.00          262.47
Slab                      350.67          317.64          349.31          470.90         1488.52
SReclaimable               59.98           59.07           77.43           66.00          262.47
SUnreclaim                290.70          258.57          271.88          404.91         1226.05
AnonHugePages              40.00           42.00           64.00          122.00          268.00
ShmemHugePages              0.00            0.00            0.00            0.00            0.00
ShmemPmdMapped              0.00            0.00            0.00            0.00            0.00
FileHugePages               0.00            0.00            0.00            0.00            0.00
FilePmdMapped               0.00            0.00            0.00            0.00            0.00
Unaccepted                  0.00            0.00            0.00            0.00            0.00
HugePages_Total             0.00            0.00            0.00            0.00            0.00
HugePages_Free              0.00            0.00            0.00            0.00            0.00
HugePages_Surp              0.00            0.00            0.00            0.00            0.00
