
Per-node process memory usage (in MBs) for PID 154337 (llama-bench)
                           Node 0          Node 1          Node 2          Node 3           Total
                  --------------- --------------- --------------- --------------- ---------------
Huge                         0.00            0.00            0.00            0.00            0.00
Heap                         0.00            0.05            0.00           41.75           41.80
Stack                        0.00            0.01            0.00            0.02            0.03
Private                   4732.47        26364.27         4730.69        29280.52        65107.95
----------------  --------------- --------------- --------------- --------------- ---------------
Total                     4732.47        26364.33         4730.69        29322.29        65149.77

Per-node system memory usage (in MBs):
                          Node 0          Node 1          Node 2          Node 3           Total
                 --------------- --------------- --------------- --------------- ---------------
MemTotal               289860.87       290287.15       290244.45       290225.22      1160617.69
MemFree                280256.00       259945.23       281367.39       255952.34      1077520.96
MemUsed                  9604.87        30341.92         8877.05        34272.89        83096.73
SwapCached                  0.00            0.00            0.01            0.00            0.02
Active                   7616.43        29059.46         7699.68        32855.48        77231.05
Inactive                    1.63           20.29            7.73           22.95           52.60
Active(anon)             7503.11         7378.72         7475.73         8001.95        30359.51
Inactive(anon)              0.00            0.00            0.00            0.00            0.00
Active(file)              113.32        21680.73          223.95        24853.54        46871.54
Inactive(file)              1.63           20.29            7.73           22.95           52.60
Unevictable                 3.75            0.75            0.75            0.75            6.00
Mlocked                     0.00            0.00            0.00            0.00            0.00
Dirty                       0.01            0.03            0.07            0.05            0.16
Writeback                   0.00            0.00            0.00            0.00            0.00
FilePages                 119.77        21702.71          236.34        24877.93        46936.76
Mapped                    117.74        21699.57          240.45        24854.93        46912.69
AnonPages                7504.69         7379.82         7472.93         8002.27        30359.71
Shmem                       4.71            1.70            4.65            1.45           12.50
KernelStack                11.30           10.93           10.71           12.95           45.89
PageTables                 18.27           62.14           16.69           66.58          163.68
SecPageTables               9.52            0.26           21.84            0.65           32.27
NFS_Unstable                0.00            0.00            0.00            0.00            0.00
Bounce                      0.00            0.00            0.00            0.00            0.00
WritebackTmp                0.00            0.00            0.00            0.00            0.00
KReclaimable               37.31           83.54           51.95           89.70          262.50
Slab                      327.66          342.23          323.50          494.36         1487.75
SReclaimable               37.31           83.54           51.95           89.70          262.50
SUnreclaim                290.35          258.69          271.54          404.66         1225.25
AnonHugePages              38.00           42.00           62.00          138.00          280.00
ShmemHugePages              0.00            0.00            0.00            0.00            0.00
ShmemPmdMapped              0.00            0.00            0.00            0.00            0.00
FileHugePages               0.00            0.00            0.00            0.00            0.00
FilePmdMapped               0.00            0.00            0.00            0.00            0.00
Unaccepted                  0.00            0.00            0.00            0.00            0.00
HugePages_Total             0.00            0.00            0.00            0.00            0.00
HugePages_Free              0.00            0.00            0.00            0.00            0.00
HugePages_Surp              0.00            0.00            0.00            0.00            0.00
